84 39 78 79 91 19 33 76 27 55 47 62 36 51 95 91 63 71 14 60 1 24 13 80 15 40 12 10 99 21 51 83 61 29 63 52 49 97 29 77 52 76 40 89 28 35 80 91 6 94
52 8 19 66 89 34 6 2 45 6 23 97 90 85 26 53 37 76 51 66 53 3 43 93 93 72 28 73 63 35 68 16 44 88 82 33 22 89 35 68 95 58 65 85 43 92 39 81 68 91
48 21 95 92 14 88 64 43 61 28 78 30 44 22 18 27 55 41 16 90 10 12 49 76 98 93 68 38 74 36 29 23 58 24 15 73 12 79 16 74 7 95 5 52 17 24 79 73 65 96
63 75 9 13 52 7 6 20 46 81 57 75 5 15 99 20 88 12 99 5 87 7 0 92 59 18 16 39 91 81 35 55 57 45 68 9 53 75 30 99 57 87 74 62 3 74 83 92 87 83
97 74 90 98 66 49 16 83 88 7 64 24 62 22 70 31 32 23 7 63 22 65 51 97 28 54 71 11 47 59 94 45 33 84 43 0 34 59 83 23 67 48 48 30 71 18 62 4 41 69
67 63 34 18 60 62 73 32 74 20 92 68 65 25 53 8 26 87 68 9 11 36 57 59 66 28 77 28 32 18 98 0 82 33 18 43 95 91 76 69 12 68 38 77 94 91 86 20 79 54
29 90 90 87 49 57 16 27 86 49 46 84 49 29 18 68 72 13 60 49 83 72 17 22 49 12 13 36 32 93 90 62 83 81 49 33 39 65 60 25 15 7 10 64 36 28 33 9 42 93
58 26 65 76 48 15 88 62 51 20 55 42 82 39 24 32 72 63 98 33 89 13 41 0 78 77 29 11 86 72 4 44 98 70 21 47 86 9 9 38 30 65 80 13 5 5 45 78 69 44
11 58 57 52 59 36 30 88 47 16 60 52 61 59 23 82 7 9 92 16 48 22 82 29 35 87 34 81 65 3 25 77 62 83 30 22 19 61 10 67 78 71 20 40 31 43 23 38 53 15
55 1 38 38 30 73 26 64 55 91 68 80 69 31 64 0 53 84 61 64 51 40 36 71 80 67 15 3 6 68 18 61 70 56 0 0 30 26 65 85 18 34 66 87 65 31 88 18 15 50
82 67 90 19 39 70 86 54 73 93 23 92 55 93 49 55 93 79 81 59 65 99 93 32 87 58 63 75 77 79 26 60 47 16 79 86 87 66 41 61 59 64 53 14 57 3 70 51 83 51
11 48 51 4 81 38 63 45 14 41 24 40 1 71 57 81 58 44 47 99 5 7 64 59 22 21 63 92 73 46 43 85 95 94 89 76 33 53 21 47 94 46 88 96 18 45 78 76 90 25
76 96 33 40 56 55 62 19 47 36 65 91 21 60 86 10 37 19 64 59 67 59 5 56 56 24 1 34 0 92 60 77 88 93 17 44 48 79 63 96 15 29 88 36 89 74 47 27 94 12
86 62 71 92 18 28 16 20 62 17 12 22 94 1 16 11 46 64 91 10 61 7 39 49 43 29 24 91 56 19 3 43 81 75 35 99 3 52 20 66 69 32 88 64 34 5 76 80 69 68
90 31 75 29 80 18 59 5 10 15 24 13 58 5 88 94 5 92 46 25 58 16 58 47 81 92 52 58 72 22 26 63 53 1 93 34 20 52 40 30 67 64 44 26 70 33 21 75 25 68
1 84 85 60 32 66 52 84 25 25 7 51 88 61 53 82 95 73 34 35 4 2 0 48 29 70 82 50 46 7 19 48 92 4 8 24 71 61 9 96 86 16 47 75 77 0 57 73 74 92
9 78 94 10 27 23 80 9 74 27 17 93 76 9 98 84 34 69 45 43 65 32 60 12 8 37 13 65 11 88 58 21 66 52 31 94 76 12 3 51 39 21 45 16 30 43 0 64 12 46
8 78 78 68 91 86 6 4 52 17 92 10 38 59 63 70 53 40 82 57 92 22 78 37 38 9 80 38 74 93 84 83 71 63 51 62 50 57 67 2 75 59 13 14 19 77 84 73 18 66
31 10 88 10 47 27 19 28 65 94 22 50 77 93 14 29 56 64 87 23 67 62 83 81 77 2 59 61 76 77 28 7 88 17 17 35 44 37 64 10 32 86 60 10 80 74 39 36 39 27
59 6 90 43 88 67 46 47 29 22 24 57 30 12 74 48 48 19 85 13 29 18 0 90 28 80 65 68 17 4 95 77 11 86 20 99 53 66 46 82 89 71 40 19 83 15 67 32 34 53
45 64 71 46 54 0 26 19 69 44 23 65 21 34 51 42 34 5 9 80 87 98 52 28 18 35 43 85 68 78 38 14 42 10 60 96 10 86 15 80 31 39 45 53 74 97 95 8 2 5
89 89 3 41 18 21 77 62 7 46 40 45 60 83 56 20 80 67 7 96 47 38 35 93 91 10 90 87 19 92 92 8 82 96 50 0 18 28 62 26 74 3 72 35 87 28 55 67 95 62
63 43 0 99 36 92 9 26 80 29 18 72 38 0 69 88 1 88 17 63 14 92 67 87 27 54 15 82 22 11 45 86 54 46 85 90 38 95 17 18 24 36 91 62 36 61 51 37 50 69
1 65 61 69 52 89 24 67 72 46 78 17 32 33 63 18 24 2 13 41 21 38 77 12 1 14 74 53 52 24 22 54 89 84 23 41 73 47 9 46 94 88 64 26 21 27 44 45 30 58
87 51 97 65 64 98 79 38 51 32 63 74 86 53 58 9 95 32 57 4 78 51 92 42 78 13 70 23 59 0 81 47 52 79 12 16 77 92 55 29 24 19 3 11 72 61 21 67 93 78
72 72 30 64 15 9 78 85 32 38 86 14 85 39 93 98 55 70 90 11 0 15 30 3 26 3 64 47 71 58 26 43 31 57 8 46 66 86 32 98 24 19 12 10 58 6 8 14 76 98
25 76 14 56 80 41 59 44 89 31 3 15 74 34 73 82 81 39 69 14 37 93 34 50 4 92 56 12 6 33 11 32 10 25 88 90 66 48 35 55 80 39 71 54 74 44 37 55 84 6
70 22 0 4 72 4 96 29 16 3 63 28 36 73 53 24 64 20 73 0 76 53 39 48 8 13 92 45 69 76 52 39 98 53 43 71 57 40 1 74 44 64 3 80 38 56 5 3 77 79
3 53 32 42 2 41 56 94 87 25 71 39 65 70 93 8 42 51 49 43 26 94 8 29 74 47 86 80 50 63 59 54 17 92 97 19 34 53 14 21 79 86 61 44 56 54 53 99 5 3
43 32 97 51 61 72 99 47 52 50 10 12 4 28 5 2 47 39 55 62 60 35 48 21 79 5 76 32 4 82 35 48 14 32 99 75 5 99 22 57 49 33 70 54 62 75 56 10 14 11
72 74 47 21 96 26 26 72 59 31 54 94 79 69 27 79 44 32 78 67 90 27 1 60 81 63 36 38 74 50 50 46 25 97 67 21 23 94 94 82 25 48 77 5 17 4 84 62 37 63
30 28 90 31 89 72 95 25 10 69 75 60 16 1 58 84 22 81 78 16 64 4 65 41 9 83 46 94 46 83 57 76 12 48 8 1 21 3 26 32 73 2 93 90 4 51 74 26 32 53
43 96 57 9 38 67 92 84 62 38 68 19 14 80 68 23 82 89 26 9 21 0 11 14 90 16 65 64 42 98 18 86 95 75 95 33 43 88 17 6 26 86 25 41 66 93 64 48 82 91
57 4 91 69 19 82 85 84 47 28 83 65 15 78 41 10 11 84 98 29 90 25 15 16 67 82 10 31 31 93 23 89 97 15 59 16 97 45 1 44 74 84 9 89 63 50 99 74 35 98
4 26 23 20 42 90 3 52 22 34 46 45 24 43 61 83 60 58 29 61 3 3 46 13 93 9 64 92 84 99 90 88 25 14 8 68 4 12 21 27 46 67 72 71 11 33 55 71 92 84
33 96 88 79 9 81 88 73 74 72 73 65 61 99 79 70 67 84 82 89 11 29 57 84 0 68 18 55 40 11 40 73 7 28 52 17 10 41 90 84 14 63 49 75 62 29 46 30 13 28
19 25 57 77 10 57 46 28 13 86 39 53 59 47 81 12 64 91 54 55 76 69 18 25 44 81 55 91 12 68 19 32 94 77 9 4 35 55 33 48 41 72 1 1 20 83 14 84 75 69
40 51 38 59 77 83 40 32 74 52 1 93 84 95 71 94 0 6 49 33 54 91 6 56 93 26 40 7 11 16 77 51 67 15 10 45 98 51 78 73 4 79 67 88 75 38 83 76 44 32
9 99 23 15 56 16 42 97 24 54 13 1 6 81 17 17 26 16 68 5 89 72 84 56 61 60 95 44 36 40 77 46 39 0 62 96 17 4 93 42 59 6 44 65 87 62 82 14 78 50
19 67 23 4 24 84 65 19 29 2 59 6 48 99 7 11 95 25 15 89 68 74 96 12 40 84 74 22 98 52 73 18 20 96 23 45 81 89 64 10 92 24 17 40 23 24 51 19 50 67
8 18 42 4 30 82 88 5 5 87 58 78 6 78 74 30 23 56 19 88 67 11 12 84 52 35 9 4 55 59 72 63 77 15 68 8 98 57 13 3 44 71 81 51 50 56 81 74 13 1
62 80 13 75 65 66 10 74 71 66 33 44 29 11 59 98 19 57 55 33 60 0 4 42 52 55 98 34 29 11 36 92 92 49 67 57 16 78 31 88 44 65 32 74 77 92 72 96 49 28
30 10 28 35 52 81 90 51 15 20 63 51 12 55 1 80 12 17 58 44 6 2 10 38 77 87 30 49 84 80 78 14 90 6 49 43 88 39 94 3 59 58 54 72 13 55 52 26 73 11
71 79 13 81 18 91 68 49 40 52 29 18 67 20 25 16 63 14 55 58 17 15 16 71 88 29 27 40 56 1 51 28 81 65 9 0 56 78 49 97 31 79 16 98 99 42 14 62 56 70
20 73 86 37 45 74 66 73 15 23 75 66 51 56 32 61 56 89 40 6 86 71 85 3 70 85 45 85 48 2 56 69 75 42 6 21 16 73 94 32 96 69 99 48 26 31 10 83 21 50
89 7 22 75 11 92 60 56 78 8 59 34 78 34 77 84 56 93 57 51 26 54 21 25 3 47 56 13 30 78 63 20 85 85 95 97 78 56 54 57 65 13 91 43 48 68 27 4 62 85
55 88 39 77 14 42 24 71 56 55 49 20 76 35 5 72 32 84 28 86 41 94 99 33 37 47 2 65 52 65 50 8 54 90 85 68 33 10 39 89 66 88 9 42 23 15 14 55 0 43
42 41 37 42 75 75 89 78 40 41 43 90 50 97 80 35 65 13 45 5 3 11 93 12 53 17 28 68 73 28 12 15 69 50 57 45 25 47 23 66 89 66 56 39 64 37 74 30 51 20
35 54 31 29 67 85 47 95 54 20 23 66 36 93 17 94 39 42 42 62 8 31 29 65 71 94 3 46 24 55 66 60 10 97 90 77 82 37 73 36 58 96 3 95 90 20 89 29 63 32
92 72 63 22 38 35 16 41 81 41 97 47 2 7 45 92 85 28 30 58 65 89 55 69 84 46 89 74 75 53 6 68 25 70 90 63 5 7 5 87 48 2 34 51 10 80 43 95 8 74
53 74 63 9 43 48 55 32 22 31 85 29 99 11 99 90 75 5 97 80 92 46 83 27 97 93 7 41 89 16 16 42 91 80 52 34 28 7 67 50 38 53 80 38 64 79 28 39 84 26
20 77 73 3 4 71 97 12 13 86 29 29 29 20 9 81 54 37 89 21 88 28 74 68 66 39 48 95 79 33 21 99 10 94 3 14 66 0 27 79 87 56 8 16 76 18 98 30 55 88
52 44 16 27 13 82 66 61 77 45 94 99 45 4 94 48 19 60 48 46 39 36 2 48 53 79 66 51 9 22 40 62 67 56 89 80 39 56 42 17 2 36 17 47 41 11 96 61 71 45
7 11 81 10 59 34 89 26 86 99 48 26 62 15 83 52 96 23 8 38 40 11 74 57 59 16 69 55 77 40 0 85 52 82 96 11 16 85 38 2 85 86 29 47 2 13 99 98 36 8
36 76 20 11 34 79 27 3 35 5 44 36 90 96 18 86 8 35 72 46 38 58 33 67 6 35 81 6 33 17 15 70 93 35 81 28 15 9 31 50 14 75 87 5 72 5 92 81 41 65
28 79 23 61 47 29 96 28 36 30 45 51 1 39 86 82 67 1 92 99 52 6 75 40 12 47 46 4 29 87 69 57 66 93 18 14 23 15 42 59 46 88 10 47 27 97 29 95 99 22
94 52 29 69 92 41 17 38 46 46 25 16 3 92 9 22 6 33 37 49 92 83 37 3 30 65 0 60 60 0 83 54 52 12 24 45 53 41 83 0 88 9 16 91 2 26 13 8 60 51
58 52 35 96 56 66 61 57 27 22 57 10 77 10 22 1 55 76 43 38 76 31 48 93 23 50 20 36 59 80 88 17 33 23 13 89 89 75 46 16 97 4 27 74 14 49 76 69 26 19
8 3 50 56 97 73 6 17 10 65 98 99 83 32 22 96 22 12 72 68 29 69 73 56 44 87 5 20 57 32 39 65 35 89 22 32 63 28 49 74 94 48 73 77 80 96 74 2 8 46
71 37 15 45 94 59 32 0 79 90 32 19 55 67 8 77 99 72 6 49 47 0 98 20 78 78 17 52 81 25 98 53 63 14 98 57 73 31 57 53 21 89 72 77 57 81 54 56 54 61
5 1 62 3 22 40 82 39 92 64 64 91 18 28 5 17 86 78 48 44 32 70 34 5 47 91 86 2 47 40 63 53 42 26 57 64 66 40 3 58 5 68 49 24 97 55 41 83 33 90
27 66 60 61 71 7 53 58 10 1 98 73 55 41 99 12 5 66 53 8 25 58 77 75 83 74 30 24 58 64 14 85 30 75 47 2 82 1 60 93 2 59 67 57 0 67 70 5 33 24
14 58 82 91 33 65 66 64 90 24 28 5 10 59 80 57 61 63 59 21 56 61 80 23 19 80 90 89 86 23 13 0 82 96 92 16 62 58 80 53 82 8 58 93 67 38 51 29 1 10
50 58 71 30 81 91 11 72 81 97 96 95 97 78 91 90 95 54 48 75 8 31 84 66 24 52 5 75 81 7 85 31 65 57 62 46 49 74 19 30 71 15 25 69 93 17 59 89 72 8
64 80 40 48 46 64 1 52 40 82 59 26 13 24 84 76 71 33 50 90 63 22 5 88 92 99 6 52 89 78 60 53 58 1 2 5 65 3 57 6 85 17 32 99 41 16 76 13 50 27
3 13 50 9 2 42 9 8 94 98 86 55 52 45 56 54 50 22 58 8 29 44 25 61 44 67 78 21 80 28 48 84 42 98 94 44 41 3 53 35 2 39 91 55 85 48 9 36 71 68
44 0 13 70 61 57 38 40 78 18 69 27 3 11 25 97 56 66 1 9 2 4 49 94 59 34 43 69 70 14 37 15 14 50 85 76 8 23 16 86 42 85 14 45 97 39 42 53 6 44
63 9 48 12 4 7 46 47 76 16 61 13 31 75 64 17 52 72 40 68 59 83 54 73 28 52 13 71 5 20 16 68 30 64 81 34 71 27 82 48 44 43 62 76 19 26 93 71 99 34
40 58 17 95 32 46 47 46 18 53 67 34 22 97 98 3 32 70 30 14 18 75 58 80 51 77 6 44 49 6 78 90 65 96 85 97 42 32 44 61 85 11 95 7 8 93 10 40 64 41
55 82 16 13 62 67 91 69 12 41 75 90 31 41 87 16 38 29 48 83 90 33 94 86 41 3 79 52 44 44 93 99 26 9 13 89 77 4 58 89 45 34 80 76 75 67 93 14 97 41
98 88 75 92 74 16 96 54 68 40 98 62 40 25 72 53 14 49 58 73 39 4 8 20 81 84 87 74 98 85 16 97 74 91 89 48 8 86 3 77 26 2 39 66 27 12 20 42 62 79
15 1 83 23 22 64 8 9 39 6 95 55 3 69 46 93 18 55 79 22 32 6 24 72 73 52 85 94 95 47 73 10 49 56 34 71 21 42 81 60 49 76 15 53 46 62 47 64 18 27
86 51 34 11 24 7 64 9 1 59 56 75 70 5 31 5 76 53 48 57 14 97 34 29 51 80 92 99 45 10 26 32 61 60 43 86 68 8 95 70 67 51 45 37 57 77 43 33 31 91
91 45 88 26 74 40 7 67 39 52 78 66 84 40 27 28 26 95 36 21 66 4 72 12 42 30 89 85 64 20 76 56 65 65 82 40 5 89 8 45 42 86 11 26 26 39 55 53 34 91
74 1 96 47 13 38 77 3 23 41 23 99 97 89 65 80 30 70 69 39 16 11 25 28 38 52 67 94 5 2 86 80 3 82 27 16 20 5 19 44 46 43 43 44 33 9 24 64 79 94
3 96 6 28 24 45 81 91 39 87 93 25 67 97 7 94 14 28 99 34 72 46 78 16 91 11 25 16 75 5 10 79 1 17 7 25 63 89 17 2 76 11 28 43 8 35 38 23 64 38
57 36 85 35 53 76 47 78 93 22 83 4 1 85 21 9 10 84 99 28 87 75 39 15 19 48 51 58 71 15 96 29 52 82 64 5 58 11 84 51 34 67 56 36 53 77 45 63 62 45
92 49 20 31 65 40 80 16 98 51 32 95 80 85 77 45 90 36 56 75 88 90 43 44 27 96 21 72 60 84 17 52 33 38 84 98 78 64 15 77 16 48 72 96 33 49 42 24 85 98
99 73 89 42 17 16 38 39 89 99 23 7 51 57 45 35 56 24 0 71 2 16 19 74 13 53 24 55 77 9 54 77 83 43 19 1 60 58 40 50 57 63 57 9 20 3 45 76 28 45
48 30 62 68 5 75 21 29 30 99 39 84 76 23 28 96 24 89 55 64 39 13 28 96 22 49 0 68 26 28 13 75 59 76 43 64 51 65 94 82 64 33 67 41 56 96 38 80 85 93
45 24 6 74 21 29 23 21 97 50 50 11 25 9 87 68 74 39 34 68 21 98 1 89 40 58 85 78 39 70 72 84 95 79 58 17 9 82 39 7 32 89 19 58 99 6 26 73 46 60
41 68 59 43 57 0 1 42 79 40 13 51 25 9 31 84 26 40 66 65 47 99 55 66 57 55 73 84 28 19 45 70 87 5 13 44 5 14 87 84 55 0 36 80 10 67 65 36 7 31
2 55 31 58 22 89 13 95 74 42 15 19 13 2 25 26 47 30 41 35 15 97 36 52 78 46 19 43 83 27 75 86 82 6 44 4 96 58 0 70 1 15 90 14 18 15 41 66 46 82
1 62 79 38 14 57 84 33 1 68 61 76 54 44 82 99 48 79 58 49 49 59 64 40 73 83 56 15 49 2 97 51 64 77 89 78 35 74 12 36 42 74 12 97 18 95 96 66 75 54
16 25 13 80 65 87 64 21 2 13 24 0 64 89 78 54 67 14 28 80 51 71 54 64 68 72 60 64 39 35 18 55 60 32 36 26 20 0 47 23 14 72 24 79 61 3 33 29 17 61
9 68 32 64 33 1 37 93 65 77 28 84 33 89 17 69 15 38 70 63 61 85 35 86 64 96 89 97 25 7 59 35 76 92 0 9 93 37 2 59 14 31 44 47 20 61 17 36 0 88
99 62 73 34 48 38 31 38 36 57 45 95 92 22 88 93 31 82 30 34 41 45 66 86 93 87 48 10 23 48 99 22 10 73 57 58 12 88 97 48 45 43 44 38 65 32 31 97 15 62
32 57 7 98 43 0 85 91 11 9 39 11 32 49 85 89 8 97 78 5 45 24 48 89 62 14 22 94 11 37 56 43 94 64 42 38 65 28 29 77 37 69 88 69 18 73 59 27 70 37
33 16 61 82 5 24 96 27 19 8 65 76 52 60 40 94 98 5 22 27 82 60 96 71 30 15 44 89 43 15 27 76 31 89 59 37 13 55 65 33 64 30 9 16 90 49 10 89 55 33
16 38 94 13 9 25 29 54 15 72 70 42 49 2 31 8 39 45 64 4 78 28 35 87 44 26 37 55 15 93 89 32 31 83 45 41 8 75 96 24 47 66 66 96 68 98 4 8 44 68
12 23 96 48 10 41 75 48 96 90 41 86 23 73 70 69 14 79 44 10 3 91 77 69 88 46 68 92 54 12 61 67 35 58 15 46 0 90 95 97 81 36 83 5 10 53 74 24 32 18
35 35 10 13 5 99 59 73 91 13 85 53 80 21 11 96 67 11 87 62 8 69 99 92 74 9 45 48 34 77 67 70 13 78 83 18 77 43 91 69 57 77 23 37 98 35 34 65 46 22
28 55 91 28 48 65 38 93 14 72 71 82 43 84 61 27 3 39 70 94 8 27 71 31 65 70 66 99 36 13 22 64 69 13 93 18 79 31 11 94 3 83 76 47 68 38 74 71 77 44
66 86 71 38 18 37 8 85 37 44 99 59 9 69 72 2 87 51 33 99 45 37 82 22 84 51 61 58 22 38 3 88 25 75 27 43 12 35 29 49 79 28 9 89 97 81 91 85 33 25
84 79 62 67 2 47 18 63 6 41 2 10 30 27 85 57 71 98 92 0 48 72 29 57 61 27 39 53 12 72 78 97 52 41 64 55 89 83 18 95 24 21 5 54 49 91 12 20 89 5
21 37 77 51 95 39 78 34 92 91 7 71 88 60 12 52 15 2 36 34 97 60 55 3 15 5 94 28 25 84 33 47 22 10 98 17 49 77 51 42 68 59 14 56 19 26 9 34 29 45
69 26 6 24 30 22 29 25 50 55 9 83 3 31 94 2 49 44 79 1 86 48 60 0 4 80 27 14 14 56 60 83 83 67 8 14 89 38 39 39 94 49 23 97 80 17 0 29 61 80
30 48 28 91 49 33 71 77 47 86 33 7 70 17 75 79 32 64 17 71 4 11 20 27 9 1 45 10 31 6 90 62 55 18 53 4 51 24 81 99 11 15 7 81 33 82 60 65 46 78
36 50 90 57 78 0 58 23 10 89 30 0 51 85 19 5 89 70 30 71 69 41 87 76 23 20 59 83 85 5 62 22 56 52 79 34 52 38 58 62 28 88 63 79 74 82 84 64 53 14
35 23 56 22 0 79 43 59 63 29 64 25 51 21 77 31 56 30 69 14 92 97 3 56 77 77 39 62 41 92 77 77 15 33 0 16 13 43 75 76 72 40 1 24 61 79 55 17 9 25
